| 1.000 0.000 0.000 -1.800 |
| 0.000 1.000 0.000 -1.800 |
| 0.000 0.000 1.000 0.000 |
| 0.000 0.000 0.000 1.000 |

| 1.000 0.000 0.000 -1.800 |
| 0.000 1.000 0.000 -1.800 |
| 0.000 0.000 1.000 0.000 |
| 0.000 0.000 0.000 1.000 |

| 320.000 0.000 0.000 -576.000 |
| 0.000 -320.000 0.000 576.000 |
| 0.000 0.000 1.000 0.000 |
| 0.000 0.000 0.000 1.000 |

| 320.000 0.000 0.000 -416.000 |
| 0.000 -320.000 0.000 666.000 |
| 0.000 0.000 1.000 0.000 |
| 0.000 0.000 0.000 1.000 |

vtm:
| 320.000 0.000 0.000 -416.000 |
| 0.000 -320.000 0.000 666.000 |
| 0.000 0.000 1.000 0.000 |
| 0.000 0.000 0.000 1.000 |

line (0.40 0.84) (0.35 0.45)
| -0.418 -0.908 0.000 1.326 |
| 0.908 -0.418 0.000 0.832 |
| 0.000 0.000 1.000 0.000 |
| 0.000 0.000 0.000 1.000 |

line (0.40 0.84) (0.77 0.97)
line (-289.13 397.04) (-168.87 356.85)
line (0.38 0.69) (0.06 0.90)
| 0.517 -0.856 0.000 0.777 |
| 0.856 0.517 0.000 0.005 |
| 0.000 0.000 1.000 0.000 |
| 0.000 0.000 0.000 1.000 |

line (0.38 0.69) (0.04 0.52)
line (-293.21 444.88) (-404.16 499.32)
line (0.27 0.39) (0.29 0.74)
| -0.300 -0.954 0.000 0.723 |
| 0.954 -0.300 0.000 0.250 |
| 0.000 0.000 1.000 0.000 |
| 0.000 0.000 0.000 1.000 |

line (0.27 0.39) (-0.07 0.31)
line (-329.61 541.05) (-439.27 567.70)
line (0.66 0.85) (0.00 0.46)
| -0.979 0.203 0.000 1.140 |
| -0.203 -0.979 0.000 1.810 |
| 0.000 0.000 1.000 0.000 |
| 0.000 0.000 0.000 1.000 |

line (0.66 0.85) (1.23 1.36)
line (-203.89 395.13) (-22.08 231.83)
line (0.60 0.61) (0.21 0.89)
| -0.337 -0.942 0.000 1.376 |
| 0.942 -0.337 0.000 0.248 |
| 0.000 0.000 1.000 0.000 |
| 0.000 0.000 0.000 1.000 |

line (0.60 0.61) (0.47 0.15)
line (-223.73 471.21) (-265.39 618.11)
line (0.75 0.60) (0.53 0.46)
| -0.575 0.818 0.000 0.693 |
| -0.818 -0.575 0.000 1.567 |
| 0.000 0.000 1.000 0.000 |
| 0.000 0.000 0.000 1.000 |

line (0.75 0.60) (0.76 0.87)
line (-174.86 472.84) (-171.79 388.20)
line (0.01 0.52) (0.27 0.02)
| -0.838 0.546 0.000 -0.268 |
| -0.546 -0.838 0.000 0.953 |
| 0.000 0.000 1.000 0.000 |
| 0.000 0.000 0.000 1.000 |

line (0.01 0.52) (-0.48 0.78)
line (-413.62 500.69) (-570.79 415.10)
line (0.30 0.89) (0.50 0.71)
| -0.227 -0.974 0.000 1.240 |
| 0.974 -0.227 0.000 0.799 |
| 0.000 0.000 1.000 0.000 |
| 0.000 0.000 0.000 1.000 |

line (0.30 0.89) (0.44 1.12)
line (-319.09 380.72) (-276.72 306.66)
line (0.77 0.38) (0.23 0.35)
| -0.311 -0.950 0.000 1.373 |
| 0.950 -0.311 0.000 -0.243 |
| 0.000 0.000 1.000 0.000 |
| 0.000 0.000 0.000 1.000 |

line (0.77 0.38) (0.97 -0.14)
line (-168.10 545.50) (-107.08 709.38)
line (0.39 0.82) (0.84 0.18)
| 0.937 0.348 0.000 -0.261 |
| -0.348 0.937 0.000 0.187 |
| 0.000 0.000 1.000 0.000 |
| 0.000 0.000 0.000 1.000 |

line (0.39 0.82) (0.59 0.06)
line (-291.00 403.99) (-226.12 645.99)
line (0.88 0.76) (0.40 0.69)
| 0.072 0.997 0.000 0.059 |
| -0.997 0.072 0.000 1.586 |
| 0.000 0.000 1.000 0.000 |
| 0.000 0.000 0.000 1.000 |

line (0.88 0.76) (0.77 1.24)
line (-133.57 422.36) (-168.13 269.69)
line (0.87 0.53) (0.00 0.86)
| 0.993 -0.117 0.000 0.068 |
| 0.117 0.993 0.000 -0.099 |
| 0.000 0.000 1.000 0.000 |
| 0.000 0.000 0.000 1.000 |

line (0.87 0.53) (-0.03 0.76)
line (-136.60 496.78) (-426.07 424.06)
line (0.94 0.81) (0.49 0.22)
| -0.887 0.462 0.000 1.392 |
| -0.462 -0.887 0.000 1.959 |
| 0.000 0.000 1.000 0.000 |
| 0.000 0.000 0.000 1.000 |

line (0.94 0.81) (1.06 1.54)
line (-116.62 406.98) (-77.77 174.20)
line (0.00 0.04) (0.24 0.42)
| -0.299 0.954 0.000 -0.040 |
| -0.954 -0.299 0.000 0.060 |
| 0.000 0.000 1.000 0.000 |
| 0.000 0.000 0.000 1.000 |

line (0.00 0.04) (0.28 -0.29)
line (-415.42 651.67) (-325.17 760.25)
line (0.48 0.22) (0.22 0.92)
| -0.589 -0.808 0.000 0.938 |
| 0.808 -0.589 0.000 -0.041 |
| 0.000 0.000 1.000 0.000 |
| 0.000 0.000 0.000 1.000 |

line (0.48 0.22) (0.07 -0.40)
line (-262.57 596.19) (-394.11 794.98)
line (0.78 0.03) (0.44 0.18)
| 0.911 0.413 0.000 0.057 |
| -0.413 0.911 0.000 0.327 |
| 0.000 0.000 1.000 0.000 |
| 0.000 0.000 0.000 1.000 |

line (0.78 0.03) (0.53 0.30)
line (-165.31 656.18) (-244.90 568.84)
line (0.93 0.46) (0.40 0.89)
| -0.347 0.938 0.000 0.826 |
| -0.938 -0.347 0.000 1.485 |
| 0.000 0.000 1.000 0.000 |
| 0.000 0.000 0.000 1.000 |

line (0.93 0.46) (1.53 0.80)
line (-118.34 520.37) (72.24 409.55)
line (0.58 0.27) (0.94 0.66)
| 0.956 -0.294 0.000 0.106 |
| 0.294 0.956 0.000 -0.157 |
| 0.000 0.000 1.000 0.000 |
| 0.000 0.000 0.000 1.000 |

line (0.58 0.27) (0.81 0.75)
line (-231.29 578.60) (-158.24 426.02)
line (0.64 0.03) (0.84 0.08)
| -0.046 0.999 0.000 0.649 |
| -0.999 -0.046 0.000 0.671 |
| 0.000 0.000 1.000 0.000 |
| 0.000 0.000 0.000 1.000 |

line (0.64 0.03) (0.69 -0.17)
line (-209.73 657.78) (-196.24 721.44)
line (0.21 0.65) (0.25 0.23)
| -0.006 -1.000 0.000 0.861 |
| 1.000 -0.006 0.000 0.441 |
| 0.000 0.000 1.000 0.000 |
| 0.000 0.000 0.000 1.000 |

line (0.21 0.65) (0.63 0.69)
line (-348.34 458.47) (-214.05 444.93)
line (0.32 0.87) (0.30 0.68)
| 0.499 0.867 0.000 -0.587 |
| -0.867 0.499 0.000 0.714 |
| 0.000 0.000 1.000 0.000 |
| 0.000 0.000 0.000 1.000 |

line (0.32 0.87) (0.15 0.80)
line (-312.31 389.17) (-367.98 411.14)
line (0.25 0.61) (0.84 0.83)
| -0.696 -0.718 0.000 0.869 |
| 0.718 -0.696 0.000 0.855 |
| 0.000 0.000 1.000 0.000 |
| 0.000 0.000 0.000 1.000 |

line (0.25 0.61) (-0.31 0.88)
line (-334.85 470.38) (-516.63 384.43)
line (0.86 0.34) (0.69 0.35)
| 0.785 0.620 0.000 -0.028 |
| -0.620 0.785 0.000 0.606 |
| 0.000 0.000 1.000 0.000 |
| 0.000 0.000 0.000 1.000 |

line (0.86 0.34) (0.73 0.45)
line (-141.57 556.21) (-182.79 522.79)
line (0.61 0.04) (0.38 0.53)
| -0.199 -0.980 0.000 0.775 |
| 0.980 -0.199 0.000 -0.557 |
| 0.000 0.000 1.000 0.000 |
| 0.000 0.000 0.000 1.000 |

line (0.61 0.04) (0.18 -0.29)
line (-219.27 653.80) (-356.94 759.61)
line (0.03 0.47) (0.28 0.29)
| 0.335 -0.942 0.000 0.463 |
| 0.942 0.335 0.000 0.288 |
| 0.000 0.000 1.000 0.000 |
| 0.000 0.000 0.000 1.000 |

line (0.03 0.47) (0.28 0.65)
line (-407.32 515.01) (-325.70 456.46)
line (0.73 0.12) (0.22 0.95)
| -0.069 0.998 0.000 0.665 |
| -0.998 -0.069 0.000 0.859 |
| 0.000 0.000 1.000 0.000 |
| 0.000 0.000 0.000 1.000 |

line (0.73 0.12) (1.59 0.57)
line (-181.45 627.89) (94.13 483.58)
line (0.34 0.39) (0.53 0.27)
| -0.814 -0.582 0.000 0.839 |
| 0.582 -0.814 0.000 0.507 |
| 0.000 0.000 1.000 0.000 |
| 0.000 0.000 0.000 1.000 |

line (0.34 0.39) (0.26 0.60)
line (-307.78 541.77) (-334.34 474.86)
line (0.56 0.31) (0.82 0.48)
| 0.840 -0.542 0.000 0.258 |
| 0.542 0.840 0.000 -0.254 |
| 0.000 0.000 1.000 0.000 |
| 0.000 0.000 0.000 1.000 |

line (0.56 0.31) (0.69 0.59)
line (-236.80 566.54) (-194.73 476.72)
line (0.90 0.24) (0.37 0.75)
| -0.965 -0.262 0.000 1.836 |
| 0.262 -0.965 0.000 0.237 |
| 0.000 0.000 1.000 0.000 |
| 0.000 0.000 0.000 1.000 |

line (0.90 0.24) (1.28 -0.39)
line (-127.34 589.00) (-6.87 791.34)
line (0.35 0.43) (0.18 0.22)
| -0.521 -0.854 0.000 0.907 |
| 0.854 -0.521 0.000 0.354 |
| 0.000 0.000 1.000 0.000 |
| 0.000 0.000 0.000 1.000 |

line (0.35 0.43) (0.63 0.39)
line (-302.76 527.92) (-214.58 539.64)
line (0.55 0.32) (0.27 0.50)
| 0.924 -0.383 0.000 0.163 |
| 0.383 0.924 0.000 -0.187 |
| 0.000 0.000 1.000 0.000 |
| 0.000 0.000 0.000 1.000 |

line (0.55 0.32) (0.22 0.38)
line (-239.56 564.83) (-345.88 544.95)
line (0.71 0.73) (0.84 0.62)
| 0.961 0.276 0.000 -0.174 |
| -0.276 0.961 0.000 0.223 |
| 0.000 0.000 1.000 0.000 |
| 0.000 0.000 0.000 1.000 |

line (0.71 0.73) (0.81 0.58)
line (-190.39 432.41) (-158.00 479.03)
line (0.05 0.59) (0.40 0.90)
| -0.482 -0.876 0.000 0.590 |
| 0.876 -0.482 0.000 0.837 |
| 0.000 0.000 1.000 0.000 |
| 0.000 0.000 0.000 1.000 |

line (0.05 0.59) (-0.40 0.75)
line (-400.78 476.31) (-542.94 424.90)
line (0.34 0.40) (0.99 0.63)
| 0.493 0.870 0.000 -0.177 |
| -0.870 0.493 0.000 0.500 |
| 0.000 0.000 1.000 0.000 |
| 0.000 0.000 0.000 1.000 |

line (0.34 0.40) (0.86 -0.05)
line (-307.05 537.44) (-141.99 681.08)
line (0.54 0.93) (0.88 0.39)
| -0.859 -0.511 0.000 1.487 |
| 0.511 -0.859 0.000 1.452 |
| 0.000 0.000 1.000 0.000 |
| 0.000 0.000 0.000 1.000 |

line (0.54 0.93) (0.53 1.57)
line (-241.98 368.26) (-247.30 163.79)
line (0.78 0.14) (0.81 0.75)
| -0.844 -0.536 0.000 1.510 |
| 0.536 -0.844 0.000 -0.154 |
| 0.000 0.000 1.000 0.000 |
| 0.000 0.000 0.000 1.000 |

line (0.78 0.14) (0.43 -0.35)
line (-167.17 620.48) (-279.42 778.86)
line (0.53 0.72) (0.24 0.69)
| 0.187 0.982 0.000 -0.278 |
| -0.982 0.187 0.000 1.100 |
| 0.000 0.000 1.000 0.000 |
| 0.000 0.000 0.000 1.000 |

line (0.53 0.72) (0.45 1.00)
line (-247.74 436.27) (-272.33 346.56)
line (0.77 0.29) (0.98 0.43)
| 0.972 -0.235 0.000 0.090 |
| 0.235 0.972 0.000 -0.172 |
| 0.000 0.000 1.000 0.000 |
| 0.000 0.000 0.000 1.000 |

line (0.77 0.29) (0.94 0.48)
line (-170.88 573.33) (-113.62 513.86)
line (0.37 0.22) (0.58 0.21)
| 0.231 0.973 0.000 0.077 |
| -0.973 0.231 0.000 0.532 |
| 0.000 0.000 1.000 0.000 |
| 0.000 0.000 0.000 1.000 |

line (0.37 0.22) (0.41 0.02)
line (-296.14 596.40) (-284.83 660.56)
line (0.45 0.84) (0.43 0.33)
| 0.953 0.304 0.000 -0.232 |
| -0.304 0.953 0.000 0.176 |
| 0.000 0.000 1.000 0.000 |
| 0.000 0.000 0.000 1.000 |

line (0.45 0.84) (0.28 0.36)
line (-272.00 398.80) (-327.02 550.54)
line (0.89 0.56) (0.69 0.97)
| 0.412 -0.911 0.000 1.033 |
| 0.911 0.412 0.000 -0.476 |
| 0.000 0.000 1.000 0.000 |
| 0.000 0.000 0.000 1.000 |

line (0.89 0.56) (0.43 0.55)
line (-132.71 485.79) (-277.02 490.66)
line (0.55 0.20) (0.21 0.07)
| 0.350 -0.937 0.000 0.547 |
| 0.937 0.350 0.000 -0.380 |
| 0.000 0.000 1.000 0.000 |
| 0.000 0.000 0.000 1.000 |

line (0.55 0.20) (0.56 -0.16)
line (-240.77 600.72) (-237.46 716.84)
line (0.99 0.80) (0.39 0.18)
| 0.158 -0.987 0.000 1.620 |
| 0.987 0.158 0.000 -0.306 |
| 0.000 0.000 1.000 0.000 |
| 0.000 0.000 0.000 1.000 |

line (0.99 0.80) (1.50 0.11)
line (-99.35 410.92) (64.57 632.28)
line (0.47 0.57) (0.10 0.28)
| 0.994 -0.109 0.000 0.064 |
| 0.109 0.994 0.000 -0.048 |
| 0.000 0.000 1.000 0.000 |
| 0.000 0.000 0.000 1.000 |

line (0.47 0.57) (0.13 0.24)
line (-265.98 484.72) (-374.05 589.71)
line (0.25 0.31) (0.90 0.13)
| 0.947 0.323 0.000 -0.086 |
| -0.323 0.947 0.000 0.098 |
| 0.000 0.000 1.000 0.000 |
| 0.000 0.000 0.000 1.000 |

line (0.25 0.31) (0.81 -0.06)
line (-334.94 567.74) (-157.95 686.56)
line (0.42 0.70) (0.19 0.13)
| 0.012 -1.000 0.000 1.118 |
| 1.000 0.012 0.000 0.272 |
| 0.000 0.000 1.000 0.000 |
| 0.000 0.000 0.000 1.000 |

line (0.42 0.70) (0.99 0.46)
line (-281.22 441.40) (-97.92 517.67)
line (0.01 0.92) (0.38 0.58)
| -0.071 -0.997 0.000 0.936 |
| 0.997 -0.071 0.000 0.976 |
| 0.000 0.000 1.000 0.000 |
| 0.000 0.000 0.000 1.000 |

line (0.01 0.92) (0.33 1.31)
line (-411.57 370.41) (-310.81 246.90)
line (0.13 0.16) (0.29 0.86)
| -0.180 -0.984 0.000 0.309 |
| 0.984 -0.180 0.000 0.061 |
| 0.000 0.000 1.000 0.000 |
| 0.000 0.000 0.000 1.000 |

line (0.13 0.16) (-0.59 0.19)
line (-374.65 615.12) (-603.98 603.98)
line (0.07 0.43) (0.75 0.15)
| -0.852 -0.524 0.000 0.361 |
| 0.524 -0.852 0.000 0.760 |
| 0.000 0.000 1.000 0.000 |
| 0.000 0.000 0.000 1.000 |

line (0.07 0.43) (-0.36 1.02)
line (-392.66 528.09) (-530.41 338.58)
line (0.55 0.10) (0.73 0.53)
| -0.993 0.122 0.000 1.079 |
| -0.122 -0.993 0.000 0.266 |
| 0.000 0.000 1.000 0.000 |
| 0.000 0.000 0.000 1.000 |

line (0.55 0.10) (0.42 -0.35)
line (-240.83 634.04) (-282.80 777.50)
writing file
| 1.000 0.000 0.000 -1.752 |
| 0.000 1.000 0.000 -1.752 |
| 0.000 0.000 1.000 0.000 |
| 0.000 0.000 0.000 1.000 |

| 1.000 0.000 0.000 -1.752 |
| 0.000 1.000 0.000 -1.752 |
| 0.000 0.000 1.000 0.000 |
| 0.000 0.000 0.000 1.000 |

| 320.000 0.000 0.000 -560.640 |
| 0.000 -320.000 0.000 560.640 |
| 0.000 0.000 1.000 0.000 |
| 0.000 0.000 0.000 1.000 |

| 320.000 0.000 0.000 -400.640 |
| 0.000 -320.000 0.000 650.640 |
| 0.000 0.000 1.000 0.000 |
| 0.000 0.000 0.000 1.000 |

| 320.000 0.000 0.000 -400.640 |
| 0.000 -320.000 0.000 650.640 |
| 0.000 0.000 1.000 0.000 |
| 0.000 0.000 0.000 1.000 |

line (0.40 0.84) (0.35 0.45)
| -0.443 -0.896 0.000 1.326 |
| 0.896 -0.443 0.000 0.858 |
| 0.000 0.000 1.000 0.000 |
| 0.000 0.000 0.000 1.000 |

line (0.40 0.84) (0.77 0.98)
line (-273.77 381.68) (-154.67 338.16)
line (0.38 0.69) (0.06 0.90)
| 0.513 -0.859 0.000 0.780 |
| 0.859 0.513 0.000 0.007 |
| 0.000 0.000 1.000 0.000 |
| 0.000 0.000 0.000 1.000 |

line (0.38 0.69) (0.04 0.52)
line (-277.85 429.52) (-388.52 484.52)
line (0.27 0.39) (0.29 0.74)
| -0.302 -0.953 0.000 0.724 |
| 0.953 -0.302 0.000 0.251 |
| 0.000 0.000 1.000 0.000 |
| 0.000 0.000 0.000 1.000 |

line (0.27 0.39) (-0.07 0.31)
line (-314.25 525.69) (-423.85 552.60)
line (0.66 0.85) (0.00 0.46)
| -0.974 0.228 0.000 1.116 |
| -0.228 -0.974 0.000 1.822 |
| 0.000 0.000 1.000 0.000 |
| 0.000 0.000 0.000 1.000 |

line (0.66 0.85) (1.22 1.37)
line (-188.53 379.77) (-10.82 212.02)
line (0.60 0.61) (0.21 0.89)
| -0.341 -0.940 0.000 1.378 |
| 0.940 -0.341 0.000 0.252 |
| 0.000 0.000 1.000 0.000 |
| 0.000 0.000 0.000 1.000 |

line (0.60 0.61) (0.47 0.15)
line (-208.37 455.85) (-249.33 602.95)
line (0.75 0.60) (0.53 0.46)
| -0.567 0.824 0.000 0.683 |
| -0.824 -0.567 0.000 1.567 |
| 0.000 0.000 1.000 0.000 |
| 0.000 0.000 0.000 1.000 |

line (0.75 0.60) (0.76 0.87)
line (-159.50 457.48) (-157.30 372.81)
line (0.01 0.52) (0.27 0.02)
| -0.834 0.552 0.000 -0.271 |
| -0.552 -0.834 0.000 0.952 |
| 0.000 0.000 1.000 0.000 |
| 0.000 0.000 0.000 1.000 |

line (0.01 0.52) (-0.49 0.78)
line (-398.26 485.33) (-555.98 400.75)
line (0.30 0.89) (0.50 0.71)
| -0.253 -0.967 0.000 1.242 |
| 0.967 -0.253 0.000 0.824 |
| 0.000 0.000 1.000 0.000 |
| 0.000 0.000 0.000 1.000 |

line (0.30 0.89) (0.43 1.13)
line (-303.73 365.36) (-263.38 290.18)
line (0.77 0.38) (0.23 0.35)
| -0.331 -0.944 0.000 1.386 |
| 0.944 -0.331 0.000 -0.230 |
| 0.000 0.000 1.000 0.000 |
| 0.000 0.000 0.000 1.000 |

line (0.77 0.38) (0.98 -0.13)
line (-152.74 530.14) (-88.29 692.70)
line (0.39 0.82) (0.84 0.18)
| 0.942 0.336 0.000 -0.252 |
| -0.336 0.942 0.000 0.179 |
| 0.000 0.000 1.000 0.000 |
| 0.000 0.000 0.000 1.000 |

line (0.39 0.82) (0.60 0.07)
line (-275.64 388.63) (-207.54 629.74)
line (0.88 0.76) (0.40 0.69)
| 0.085 0.996 0.000 0.049 |
| -0.996 0.085 0.000 1.576 |
| 0.000 0.000 1.000 0.000 |
| 0.000 0.000 0.000 1.000 |

line (0.88 0.76) (0.77 1.24)
line (-118.21 407.00) (-154.71 254.79)
line (0.87 0.53) (0.00 0.86)
| 0.990 -0.143 0.000 0.084 |
| 0.143 0.990 0.000 -0.119 |
| 0.000 0.000 1.000 0.000 |
| 0.000 0.000 0.000 1.000 |

line (0.87 0.53) (-0.04 0.73)
line (-121.24 481.42) (-412.47 416.14)
line (0.94 0.81) (0.49 0.22)
| -0.883 0.470 0.000 1.381 |
| -0.470 -0.883 0.000 1.963 |
| 0.000 0.000 1.000 0.000 |
| 0.000 0.000 0.000 1.000 |

line (0.94 0.81) (1.05 1.54)
line (-101.26 391.62) (-64.53 158.50)
line (0.00 0.04) (0.24 0.42)
| -0.293 0.956 0.000 -0.040 |
| -0.956 -0.293 0.000 0.060 |
| 0.000 0.000 1.000 0.000 |
| 0.000 0.000 0.000 1.000 |

line (0.00 0.04) (0.29 -0.29)
line (-400.06 636.31) (-309.05 744.26)
line (0.48 0.22) (0.22 0.92)
| -0.594 -0.805 0.000 0.940 |
| 0.805 -0.594 0.000 -0.038 |
| 0.000 0.000 1.000 0.000 |
| 0.000 0.000 0.000 1.000 |

line (0.48 0.22) (0.07 -0.41)
line (-247.21 580.83) (-377.55 780.41)
line (0.78 0.03) (0.44 0.18)
| 0.922 0.387 0.000 0.049 |
| -0.387 0.922 0.000 0.306 |
| 0.000 0.000 1.000 0.000 |
| 0.000 0.000 0.000 1.000 |

line (0.78 0.03) (0.53 0.30)
line (-149.95 640.82) (-232.01 555.79)
line (0.93 0.46) (0.40 0.89)
| -0.322 0.947 0.000 0.799 |
| -0.947 -0.322 0.000 1.482 |
| 0.000 0.000 1.000 0.000 |
| 0.000 0.000 0.000 1.000 |

line (0.93 0.46) (1.52 0.82)
line (-102.98 505.01) (84.62 389.20)
line (0.58 0.27) (0.94 0.66)
| 0.952 -0.305 0.000 0.111 |
| 0.305 0.952 0.000 -0.163 |
| 0.000 0.000 1.000 0.000 |
| 0.000 0.000 0.000 1.000 |

line (0.58 0.27) (0.80 0.75)
line (-215.93 563.24) (-144.68 409.81)
line (0.64 0.03) (0.84 0.08)
| -0.038 0.999 0.000 0.644 |
| -0.999 -0.038 0.000 0.671 |
| 0.000 0.000 1.000 0.000 |
| 0.000 0.000 0.000 1.000 |

line (0.64 0.03) (0.69 -0.17)
line (-194.37 642.42) (-180.36 705.97)
line (0.21 0.65) (0.25 0.23)
| -0.035 -0.999 0.000 0.867 |
| 0.999 -0.035 0.000 0.460 |
| 0.000 0.000 1.000 0.000 |
| 0.000 0.000 0.000 1.000 |

line (0.21 0.65) (0.63 0.70)
line (-332.98 443.11) (-199.15 425.60)
line (0.32 0.87) (0.30 0.68)
| 0.523 0.853 0.000 -0.583 |
| -0.853 0.523 0.000 0.689 |
| 0.000 0.000 1.000 0.000 |
| 0.000 0.000 0.000 1.000 |

line (0.32 0.87) (0.15 0.79)
line (-296.95 373.81) (-352.00 397.31)
line (0.25 0.61) (0.84 0.83)
| -0.713 -0.701 0.000 0.863 |
| 0.701 -0.713 0.000 0.870 |
| 0.000 0.000 1.000 0.000 |
| 0.000 0.000 0.000 1.000 |

line (0.25 0.61) (-0.32 0.87)
line (-319.49 455.02) (-503.26 373.42)
line (0.86 0.34) (0.69 0.35)
| 0.803 0.596 0.000 -0.036 |
| -0.596 0.803 0.000 0.579 |
| 0.000 0.000 1.000 0.000 |
| 0.000 0.000 0.000 1.000 |

line (0.86 0.34) (0.73 0.44)
line (-126.21 540.85) (-168.42 508.69)
line (0.61 0.04) (0.38 0.53)
| -0.216 -0.976 0.000 0.785 |
| 0.976 -0.216 0.000 -0.554 |
| 0.000 0.000 1.000 0.000 |
| 0.000 0.000 0.000 1.000 |

line (0.61 0.04) (0.19 -0.30)
line (-203.91 638.44) (-339.70 746.66)
line (0.03 0.47) (0.28 0.29)
| 0.334 -0.943 0.000 0.463 |
| 0.943 0.334 0.000 0.289 |
| 0.000 0.000 1.000 0.000 |
| 0.000 0.000 0.000 1.000 |

line (0.03 0.47) (0.28 0.65)
line (-391.96 499.65) (-310.37 441.05)
line (0.73 0.12) (0.22 0.95)
| -0.043 0.999 0.000 0.645 |
| -0.999 -0.043 0.000 0.857 |
| 0.000 0.000 1.000 0.000 |
| 0.000 0.000 0.000 1.000 |

line (0.73 0.12) (1.58 0.59)
line (-166.09 612.53) (105.68 461.16)
line (0.34 0.39) (0.53 0.27)
| -0.829 -0.559 0.000 0.836 |
| 0.559 -0.829 0.000 0.521 |
| 0.000 0.000 1.000 0.000 |
| 0.000 0.000 0.000 1.000 |

line (0.34 0.39) (0.25 0.59)
line (-292.42 526.41) (-320.80 460.25)
line (0.56 0.31) (0.82 0.48)
| 0.836 -0.549 0.000 0.262 |
| 0.549 0.836 0.000 -0.256 |
| 0.000 0.000 1.000 0.000 |
| 0.000 0.000 0.000 1.000 |

line (0.56 0.31) (0.69 0.59)
line (-221.44 551.18) (-180.12 461.02)
line (0.90 0.24) (0.37 0.75)
| -0.972 -0.234 0.000 1.835 |
| 0.234 -0.972 0.000 0.263 |
| 0.000 0.000 1.000 0.000 |
| 0.000 0.000 0.000 1.000 |

line (0.90 0.24) (1.30 -0.38)
line (-111.98 573.64) (14.17 772.49)
line (0.35 0.43) (0.18 0.22)
| -0.533 -0.846 0.000 0.908 |
| 0.846 -0.533 0.000 0.362 |
| 0.000 0.000 1.000 0.000 |
| 0.000 0.000 0.000 1.000 |

line (0.35 0.43) (0.63 0.40)
line (-287.40 512.56) (-199.06 523.02)
line (0.55 0.32) (0.27 0.50)
| 0.912 -0.411 0.000 0.179 |
| 0.411 0.912 0.000 -0.199 |
| 0.000 0.000 1.000 0.000 |
| 0.000 0.000 0.000 1.000 |

line (0.55 0.32) (0.22 0.37)
line (-224.20 549.47) (-331.08 532.82)
line (0.71 0.73) (0.84 0.62)
| 0.965 0.262 0.000 -0.167 |
| -0.262 0.965 0.000 0.210 |
| 0.000 0.000 1.000 0.000 |
| 0.000 0.000 0.000 1.000 |

line (0.71 0.73) (0.81 0.59)
line (-175.03 417.05) (-141.94 463.18)
line (0.05 0.59) (0.40 0.90)
| -0.491 -0.871 0.000 0.587 |
| 0.871 -0.491 0.000 0.842 |
| 0.000 0.000 1.000 0.000 |
| 0.000 0.000 0.000 1.000 |

line (0.05 0.59) (-0.40 0.75)
line (-385.42 460.95) (-528.08 410.93)
line (0.34 0.40) (0.99 0.63)
| 0.504 0.863 0.000 -0.178 |
| -0.863 0.504 0.000 0.493 |
| 0.000 0.000 1.000 0.000 |
| 0.000 0.000 0.000 1.000 |

line (0.34 0.40) (0.86 -0.04)
line (-291.69 522.08) (-124.67 663.44)
line (0.54 0.93) (0.88 0.39)
| -0.873 -0.488 0.000 1.473 |
| 0.488 -0.873 0.000 1.477 |
| 0.000 0.000 1.000 0.000 |
| 0.000 0.000 0.000 1.000 |

line (0.54 0.93) (0.51 1.57)
line (-226.62 352.90) (-237.44 148.65)
line (0.78 0.14) (0.81 0.75)
| -0.852 -0.523 0.000 1.515 |
| 0.523 -0.852 0.000 -0.143 |
| 0.000 0.000 1.000 0.000 |
| 0.000 0.000 0.000 1.000 |

line (0.78 0.14) (0.43 -0.36)
line (-151.81 605.12) (-261.68 765.16)
line (0.53 0.72) (0.24 0.69)
| 0.211 0.978 0.000 -0.287 |
| -0.978 0.211 0.000 1.081 |
| 0.000 0.000 1.000 0.000 |
| 0.000 0.000 0.000 1.000 |

line (0.53 0.72) (0.44 1.00)
line (-232.38 420.91) (-259.11 331.81)
line (0.77 0.29) (0.98 0.43)
| 0.967 -0.254 0.000 0.098 |
| 0.254 0.967 0.000 -0.185 |
| 0.000 0.000 1.000 0.000 |
| 0.000 0.000 0.000 1.000 |

line (0.77 0.29) (0.94 0.48)
line (-155.52 557.97) (-99.39 497.43)
line (0.37 0.22) (0.58 0.21)
| 0.253 0.967 0.000 0.069 |
| -0.967 0.253 0.000 0.525 |
| 0.000 0.000 1.000 0.000 |
| 0.000 0.000 0.000 1.000 |

line (0.37 0.22) (0.41 0.02)
line (-280.78 581.04) (-267.97 644.91)
line (0.45 0.84) (0.43 0.33)
| 0.955 0.296 0.000 -0.227 |
| -0.296 0.955 0.000 0.171 |
| 0.000 0.000 1.000 0.000 |
| 0.000 0.000 0.000 1.000 |

line (0.45 0.84) (0.28 0.36)
line (-256.64 383.44) (-310.47 535.60)
line (0.89 0.56) (0.69 0.97)
| 0.396 -0.918 0.000 1.052 |
| 0.918 0.396 0.000 -0.473 |
| 0.000 0.000 1.000 0.000 |
| 0.000 0.000 0.000 1.000 |

line (0.89 0.56) (0.43 0.54)
line (-117.35 470.43) (-261.55 477.87)
line (0.55 0.20) (0.21 0.07)
| 0.323 -0.946 0.000 0.564 |
| 0.946 0.323 0.000 -0.380 |
| 0.000 0.000 1.000 0.000 |
| 0.000 0.000 0.000 1.000 |

line (0.55 0.20) (0.57 -0.16)
line (-225.41 585.36) (-218.81 701.34)
line (0.99 0.80) (0.39 0.18)
| 0.135 -0.991 0.000 1.646 |
| 0.991 0.135 0.000 -0.291 |
| 0.000 0.000 1.000 0.000 |
| 0.000 0.000 0.000 1.000 |

line (0.99 0.80) (1.52 0.12)
line (-83.99 395.56) (85.01 613.06)
line (0.47 0.57) (0.10 0.28)
| 0.992 -0.126 0.000 0.075 |
| 0.126 0.992 0.000 -0.055 |
| 0.000 0.000 1.000 0.000 |
| 0.000 0.000 0.000 1.000 |

line (0.47 0.57) (0.14 0.23)
line (-250.62 469.36) (-356.82 576.24)
line (0.25 0.31) (0.90 0.13)
| 0.951 0.310 0.000 -0.083 |
| -0.310 0.951 0.000 0.094 |
| 0.000 0.000 1.000 0.000 |
| 0.000 0.000 0.000 1.000 |

line (0.25 0.31) (0.81 -0.06)
line (-319.58 552.38) (-141.00 668.80)
line (0.42 0.70) (0.19 0.13)
| -0.008 -1.000 0.000 1.127 |
| 1.000 -0.008 0.000 0.287 |
| 0.000 0.000 1.000 0.000 |
| 0.000 0.000 0.000 1.000 |

line (0.42 0.70) (1.00 0.48)
line (-265.86 426.04) (-81.03 498.51)
line (0.01 0.92) (0.38 0.58)
| -0.084 -0.996 0.000 0.935 |
| 0.996 -0.084 0.000 0.988 |
| 0.000 0.000 1.000 0.000 |
| 0.000 0.000 0.000 1.000 |

line (0.01 0.92) (0.32 1.31)
line (-396.21 355.05) (-297.06 230.24)
line (0.13 0.16) (0.29 0.86)
| -0.202 -0.979 0.000 0.311 |
| 0.979 -0.202 0.000 0.065 |
| 0.000 0.000 1.000 0.000 |
| 0.000 0.000 0.000 1.000 |

line (0.13 0.16) (-0.59 0.18)
line (-359.29 599.76) (-588.81 593.59)
line (0.07 0.43) (0.75 0.15)
| -0.854 -0.521 0.000 0.360 |
| 0.521 -0.854 0.000 0.761 |
| 0.000 0.000 1.000 0.000 |
| 0.000 0.000 0.000 1.000 |

line (0.07 0.43) (-0.36 1.02)
line (-377.30 512.73) (-515.66 323.66)
line (0.55 0.10) (0.73 0.53)
| -0.991 0.131 0.000 1.077 |
| -0.131 -0.991 0.000 0.271 |
| 0.000 0.000 1.000 0.000 |
| 0.000 0.000 0.000 1.000 |

line (0.55 0.10) (0.42 -0.35)
line (-225.47 618.68) (-266.15 762.51)
writing file
| 1.000 0.000 0.000 -1.704 |
| 0.000 1.000 0.000 -1.704 |
| 0.000 0.000 1.000 0.000 |
| 0.000 0.000 0.000 1.000 |

| 1.000 0.000 0.000 -1.704 |
| 0.000 1.000 0.000 -1.704 |
| 0.000 0.000 1.000 0.000 |
| 0.000 0.000 0.000 1.000 |

| 320.000 0.000 0.000 -545.280 |
| 0.000 -320.000 0.000 545.280 |
| 0.000 0.000 1.000 0.000 |
| 0.000 0.000 0.000 1.000 |

| 320.000 0.000 0.000 -385.280 |
| 0.000 -320.000 0.000 635.280 |
| 0.000 0.000 1.000 0.000 |
| 0.000 0.000 0.000 1.000 |

| 320.000 0.000 0.000 -385.280 |
| 0.000 -320.000 0.000 635.280 |
| 0.000 0.000 1.000 0.000 |
| 0.000 0.000 0.000 1.000 |

line (0.40 0.84) (0.35 0.45)
| -0.468 -0.884 0.000 1.325 |
| 0.884 -0.468 0.000 0.884 |
| 0.000 0.000 1.000 0.000 |
| 0.000 0.000 0.000 1.000 |

line (0.40 0.84) (0.76 0.99)
line (-258.41 366.32) (-140.57 319.50)
line (0.38 0.69) (0.06 0.90)
| 0.508 -0.861 0.000 0.784 |
| 0.861 0.508 0.000 0.009 |
| 0.000 0.000 1.000 0.000 |
| 0.000 0.000 0.000 1.000 |

line (0.38 0.69) (0.04 0.52)
line (-262.49 414.16) (-372.89 469.71)
line (0.27 0.39) (0.29 0.74)
| -0.305 -0.952 0.000 0.724 |
| 0.952 -0.305 0.000 0.252 |
| 0.000 0.000 1.000 0.000 |
| 0.000 0.000 0.000 1.000 |

line (0.27 0.39) (-0.07 0.31)
line (-298.89 510.33) (-408.43 537.50)
line (0.66 0.85) (0.00 0.46)
| -0.968 0.252 0.000 1.091 |
| -0.252 -0.968 0.000 1.832 |
| 0.000 0.000 1.000 0.000 |
| 0.000 0.000 0.000 1.000 |

line (0.66 0.85) (1.21 1.38)
line (-173.17 364.41) (0.33 192.31)
line (0.60 0.61) (0.21 0.89)
| -0.346 -0.938 0.000 1.380 |
| 0.938 -0.346 0.000 0.255 |
| 0.000 0.000 1.000 0.000 |
| 0.000 0.000 0.000 1.000 |

line (0.60 0.61) (0.48 0.15)
line (-193.01 440.49) (-233.27 587.78)
line (0.75 0.60) (0.53 0.46)
| -0.558 0.830 0.000 0.673 |
| -0.830 -0.558 0.000 1.566 |
| 0.000 0.000 1.000 0.000 |
| 0.000 0.000 0.000 1.000 |

line (0.75 0.60) (0.76 0.87)
line (-144.14 442.12) (-142.81 357.43)
line (0.01 0.52) (0.27 0.02)
| -0.831 0.557 0.000 -0.274 |
| -0.557 -0.831 0.000 0.950 |
| 0.000 0.000 1.000 0.000 |
| 0.000 0.000 0.000 1.000 |

line (0.01 0.52) (-0.49 0.78)
line (-382.90 469.97) (-541.16 386.41)
line (0.30 0.89) (0.50 0.71)
| -0.279 -0.960 0.000 1.243 |
| 0.960 -0.279 0.000 0.850 |
| 0.000 0.000 1.000 0.000 |
| 0.000 0.000 0.000 1.000 |

line (0.30 0.89) (0.42 1.13)
line (-288.37 350.00) (-250.08 273.75)
line (0.77 0.38) (0.23 0.35)
| -0.351 -0.937 0.000 1.399 |
| 0.937 -0.351 0.000 -0.217 |
| 0.000 0.000 1.000 0.000 |
| 0.000 0.000 0.000 1.000 |

line (0.77 0.38) (0.99 -0.13)
line (-137.38 514.78) (-69.52 675.95)
line (0.39 0.82) (0.84 0.18)
| 0.946 0.323 0.000 -0.244 |
| -0.323 0.946 0.000 0.170 |
| 0.000 0.000 1.000 0.000 |
| 0.000 0.000 0.000 1.000 |

line (0.39 0.82) (0.61 0.07)
line (-260.28 373.27) (-188.96 613.45)
line (0.88 0.76) (0.40 0.69)
| 0.098 0.995 0.000 0.039 |
| -0.995 0.098 0.000 1.565 |
| 0.000 0.000 1.000 0.000 |
| 0.000 0.000 0.000 1.000 |

line (0.88 0.76) (0.76 1.24)
line (-102.85 391.64) (-141.28 239.90)
line (0.87 0.53) (0.00 0.86)
| 0.986 -0.168 0.000 0.101 |
| 0.168 0.986 0.000 -0.139 |
| 0.000 0.000 1.000 0.000 |
| 0.000 0.000 0.000 1.000 |

line (0.87 0.53) (-0.04 0.71)
line (-105.88 466.06) (-398.69 408.25)
line (0.94 0.81) (0.49 0.22)
| -0.879 0.478 0.000 1.371 |
| -0.478 -0.879 0.000 1.967 |
| 0.000 0.000 1.000 0.000 |
| 0.000 0.000 0.000 1.000 |

line (0.94 0.81) (1.04 1.54)
line (-85.90 376.26) (-51.29 142.81)
line (0.00 0.04) (0.24 0.42)
| -0.286 0.958 0.000 -0.041 |
| -0.958 -0.286 0.000 0.059 |
| 0.000 0.000 1.000 0.000 |
| 0.000 0.000 0.000 1.000 |

line (0.00 0.04) (0.29 -0.29)
line (-384.70 620.95) (-292.94 728.26)
line (0.48 0.22) (0.22 0.92)
| -0.599 -0.801 0.000 0.941 |
| 0.801 -0.599 0.000 -0.035 |
| 0.000 0.000 1.000 0.000 |
| 0.000 0.000 0.000 1.000 |

line (0.48 0.22) (0.08 -0.41)
line (-231.85 565.47) (-360.97 765.84)
line (0.78 0.03) (0.44 0.18)
| 0.933 0.361 0.000 0.042 |
| -0.361 0.933 0.000 0.285 |
| 0.000 0.000 1.000 0.000 |
| 0.000 0.000 0.000 1.000 |

line (0.78 0.03) (0.52 0.29)
line (-134.59 625.46) (-219.04 542.81)
line (0.93 0.46) (0.40 0.89)
| -0.297 0.955 0.000 0.772 |
| -0.955 -0.297 0.000 1.479 |
| 0.000 0.000 1.000 0.000 |
| 0.000 0.000 0.000 1.000 |

line (0.93 0.46) (1.51 0.83)
line (-87.62 489.65) (96.86 368.94)
line (0.58 0.27) (0.94 0.66)
| 0.949 -0.316 0.000 0.116 |
| 0.316 0.949 0.000 -0.168 |
| 0.000 0.000 1.000 0.000 |
| 0.000 0.000 0.000 1.000 |

line (0.58 0.27) (0.79 0.76)
line (-200.57 547.88) (-131.12 393.63)
line (0.64 0.03) (0.84 0.08)
| -0.030 1.000 0.000 0.638 |
| -1.000 -0.030 0.000 0.671 |
| 0.000 0.000 1.000 0.000 |
| 0.000 0.000 0.000 1.000 |

line (0.64 0.03) (0.69 -0.17)
line (-179.01 627.06) (-164.49 690.50)
line (0.21 0.65) (0.25 0.23)
| -0.065 -0.998 0.000 0.872 |
| 0.998 -0.065 0.000 0.480 |
| 0.000 0.000 1.000 0.000 |
| 0.000 0.000 0.000 1.000 |

line (0.21 0.65) (0.63 0.72)
line (-317.62 427.75) (-184.37 406.28)
line (0.32 0.87) (0.30 0.68)
| 0.546 0.838 0.000 -0.578 |
| -0.838 0.546 0.000 0.664 |
| 0.000 0.000 1.000 0.000 |
| 0.000 0.000 0.000 1.000 |

line (0.32 0.87) (0.15 0.79)
line (-281.59 358.45) (-335.97 383.45)
line (0.25 0.61) (0.84 0.83)
| -0.730 -0.684 0.000 0.857 |
| 0.684 -0.730 0.000 0.884 |
| 0.000 0.000 1.000 0.000 |
| 0.000 0.000 0.000 1.000 |

line (0.25 0.61) (-0.33 0.85)
line (-304.13 439.66) (-489.79 362.45)
line (0.86 0.34) (0.69 0.35)
| 0.821 0.572 0.000 -0.042 |
| -0.572 0.821 0.000 0.552 |
| 0.000 0.000 1.000 0.000 |
| 0.000 0.000 0.000 1.000 |

line (0.86 0.34) (0.72 0.44)
line (-110.85 525.49) (-154.01 494.61)
line (0.61 0.04) (0.38 0.53)
| -0.234 -0.972 0.000 0.795 |
| 0.972 -0.234 0.000 -0.551 |
| 0.000 0.000 1.000 0.000 |
| 0.000 0.000 0.000 1.000 |

line (0.61 0.04) (0.20 -0.31)
line (-188.55 623.08) (-322.41 733.67)
line (0.03 0.47) (0.28 0.29)
| 0.334 -0.943 0.000 0.463 |
| 0.943 0.334 0.000 0.289 |
| 0.000 0.000 1.000 0.000 |
| 0.000 0.000 0.000 1.000 |

line (0.03 0.47) (0.28 0.66)
line (-376.60 484.29) (-295.04 425.65)
line (0.73 0.12) (0.22 0.95)
| -0.017 1.000 0.000 0.626 |
| -1.000 -0.017 0.000 0.854 |
| 0.000 0.000 1.000 0.000 |
| 0.000 0.000 0.000 1.000 |

line (0.73 0.12) (1.57 0.61)
line (-150.73 597.17) (117.04 438.84)
line (0.34 0.39) (0.53 0.27)
| -0.844 -0.536 0.000 0.832 |
| 0.536 -0.844 0.000 0.535 |
| 0.000 0.000 1.000 0.000 |
| 0.000 0.000 0.000 1.000 |

line (0.34 0.39) (0.24 0.59)
line (-277.06 511.05) (-307.24 445.70)
line (0.56 0.31) (0.82 0.48)
| 0.831 -0.556 0.000 0.267 |
| 0.556 0.831 0.000 -0.259 |
| 0.000 0.000 1.000 0.000 |
| 0.000 0.000 0.000 1.000 |

line (0.56 0.31) (0.69 0.59)
line (-206.08 535.82) (-165.50 445.32)
line (0.90 0.24) (0.37 0.75)
| -0.978 -0.207 0.000 1.834 |
| 0.207 -0.978 0.000 0.289 |
| 0.000 0.000 1.000 0.000 |
| 0.000 0.000 0.000 1.000 |

line (0.90 0.24) (1.31 -0.37)
line (-96.62 558.28) (35.10 753.48)
line (0.35 0.43) (0.18 0.22)
| -0.545 -0.838 0.000 0.909 |
| 0.838 -0.545 0.000 0.370 |
| 0.000 0.000 1.000 0.000 |
| 0.000 0.000 0.000 1.000 |

line (0.35 0.43) (0.63 0.40)
line (-272.04 497.20) (-183.56 506.40)
line (0.55 0.32) (0.27 0.50)
| 0.899 -0.438 0.000 0.194 |
| 0.438 0.899 0.000 -0.210 |
| 0.000 0.000 1.000 0.000 |
| 0.000 0.000 0.000 1.000 |

line (0.55 0.32) (0.22 0.36)
line (-208.84 534.11) (-316.17 520.71)
line (0.71 0.73) (0.84 0.62)
| 0.969 0.247 0.000 -0.159 |
| -0.247 0.969 0.000 0.197 |
| 0.000 0.000 1.000 0.000 |
| 0.000 0.000 0.000 1.000 |

line (0.71 0.73) (0.81 0.59)
line (-159.67 401.69) (-125.89 447.31)
line (0.05 0.59) (0.40 0.90)
| -0.499 -0.866 0.000 0.585 |
| 0.866 -0.499 0.000 0.848 |
| 0.000 0.000 1.000 0.000 |
| 0.000 0.000 0.000 1.000 |

line (0.05 0.59) (-0.40 0.74)
line (-370.06 445.59) (-513.20 396.97)
line (0.34 0.40) (0.99 0.63)
| 0.516 0.856 0.000 -0.179 |
| -0.856 0.516 0.000 0.486 |
| 0.000 0.000 1.000 0.000 |
| 0.000 0.000 0.000 1.000 |

line (0.34 0.40) (0.87 -0.03)
line (-276.33 506.72) (-107.38 645.77)
line (0.54 0.93) (0.88 0.39)
| -0.886 -0.464 0.000 1.458 |
| 0.464 -0.886 0.000 1.502 |
| 0.000 0.000 1.000 0.000 |
| 0.000 0.000 0.000 1.000 |

line (0.54 0.93) (0.49 1.57)
line (-211.26 337.54) (-227.57 133.65)
line (0.78 0.14) (0.81 0.75)
| -0.860 -0.510 0.000 1.519 |
| 0.510 -0.860 0.000 -0.132 |
| 0.000 0.000 1.000 0.000 |
| 0.000 0.000 0.000 1.000 |

line (0.78 0.14) (0.44 -0.36)
line (-136.45 589.76) (-243.92 751.42)
line (0.53 0.72) (0.24 0.69)
| 0.234 0.972 0.000 -0.295 |
| -0.972 0.234 0.000 1.061 |
| 0.000 0.000 1.000 0.000 |
| 0.000 0.000 0.000 1.000 |

line (0.53 0.72) (0.44 0.99)
line (-217.02 405.55) (-245.88 317.12)
line (0.77 0.29) (0.98 0.43)
| 0.962 -0.272 0.000 0.108 |
| 0.272 0.962 0.000 -0.197 |
| 0.000 0.000 1.000 0.000 |
| 0.000 0.000 0.000 1.000 |

line (0.77 0.29) (0.94 0.48)
line (-140.16 542.61) (-85.17 481.03)
line (0.37 0.22) (0.58 0.21)
| 0.276 0.961 0.000 0.062 |
| -0.961 0.276 0.000 0.517 |
| 0.000 0.000 1.000 0.000 |
| 0.000 0.000 0.000 1.000 |

line (0.37 0.22) (0.42 0.02)
line (-265.42 565.68) (-251.11 629.23)
line (0.45 0.84) (0.43 0.33)
| 0.957 0.289 0.000 -0.222 |
| -0.289 0.957 0.000 0.166 |
| 0.000 0.000 1.000 0.000 |
| 0.000 0.000 0.000 1.000 |

line (0.45 0.84) (0.29 0.36)
line (-241.28 368.08) (-293.92 520.66)
line (0.89 0.56) (0.69 0.97)
| 0.380 -0.925 0.000 1.070 |
| 0.925 0.380 0.000 -0.470 |
| 0.000 0.000 1.000 0.000 |
| 0.000 0.000 0.000 1.000 |

line (0.89 0.56) (0.44 0.53)
line (-101.99 455.07) (-246.03 465.08)
line (0.55 0.20) (0.21 0.07)
| 0.296 -0.955 0.000 0.580 |
| 0.955 0.296 0.000 -0.379 |
| 0.000 0.000 1.000 0.000 |
| 0.000 0.000 0.000 1.000 |

line (0.55 0.20) (0.58 -0.16)
line (-210.05 570.00) (-200.17 685.75)
line (0.99 0.80) (0.39 0.18)
| 0.112 -0.994 0.000 1.671 |
| 0.994 0.112 0.000 -0.276 |
| 0.000 0.000 1.000 0.000 |
| 0.000 0.000 0.000 1.000 |

line (0.99 0.80) (1.53 0.13)
line (-68.63 380.20) (105.37 593.73)
line (0.47 0.57) (0.10 0.28)
| 0.990 -0.144 0.000 0.086 |
| 0.144 0.990 0.000 -0.061 |
| 0.000 0.000 1.000 0.000 |
| 0.000 0.000 0.000 1.000 |

line (0.47 0.57) (0.14 0.23)
line (-235.26 454.00) (-339.55 562.75)
line (0.25 0.31) (0.90 0.13)
| 0.955 0.297 0.000 -0.080 |
| -0.297 0.955 0.000 0.089 |
| 0.000 0.000 1.000 0.000 |
| 0.000 0.000 0.000 1.000 |

line (0.25 0.31) (0.82 -0.05)
line (-304.22 537.02) (-124.09 651.02)
line (0.42 0.70) (0.19 0.13)
| -0.029 -1.000 0.000 1.135 |
| 1.000 -0.029 0.000 0.301 |
| 0.000 0.000 1.000 0.000 |
| 0.000 0.000 0.000 1.000 |

line (0.42 0.70) (1.00 0.49)
line (-250.50 410.68) (-64.21 479.31)
line (0.01 0.92) (0.38 0.58)
| -0.097 -0.995 0.000 0.935 |
| 0.995 -0.097 0.000 1.000 |
| 0.000 0.000 1.000 0.000 |
| 0.000 0.000 0.000 1.000 |

line (0.01 0.92) (0.32 1.32)
line (-380.85 339.69) (-283.33 213.60)
line (0.13 0.16) (0.29 0.86)
| -0.223 -0.975 0.000 0.313 |
| 0.975 -0.223 0.000 0.068 |
| 0.000 0.000 1.000 0.000 |
| 0.000 0.000 0.000 1.000 |

line (0.13 0.16) (-0.59 0.16)
line (-343.93 584.40) (-573.53 583.19)
line (0.07 0.43) (0.75 0.15)
| -0.855 -0.518 0.000 0.359 |
| 0.518 -0.855 0.000 0.762 |
| 0.000 0.000 1.000 0.000 |
| 0.000 0.000 0.000 1.000 |

line (0.07 0.43) (-0.36 1.02)
line (-361.94 497.37) (-500.91 308.75)
line (0.55 0.10) (0.73 0.53)
| -0.990 0.140 0.000 1.075 |
| -0.140 -0.990 0.000 0.275 |
| 0.000 0.000 1.000 0.000 |
| 0.000 0.000 0.000 1.000 |

line (0.55 0.10) (0.42 -0.35)
line (-210.11 603.32) (-249.49 747.51)
writing file
| 1.000 0.000 0.000 -1.656 |
| 0.000 1.000 0.000 -1.656 |
| 0.000 0.000 1.000 0.000 |
| 0.000 0.000 0.000 1.000 |

| 1.000 0.000 0.000 -1.656 |
| 0.000 1.000 0.000 -1.656 |
| 0.000 0.000 1.000 0.000 |
| 0.000 0.000 0.000 1.000 |

| 320.000 0.000 0.000 -529.920 |
| 0.000 -320.000 0.000 529.920 |
| 0.000 0.000 1.000 0.000 |
| 0.000 0.000 0.000 1.000 |

| 320.000 0.000 0.000 -369.920 |
| 0.000 -320.000 0.000 619.920 |
| 0.000 0.000 1.000 0.000 |
| 0.000 0.000 0.000 1.000 |

| 320.000 0.000 0.000 -369.920 |
| 0.000 -320.000 0.000 619.920 |
| 0.000 0.000 1.000 0.000 |
| 0.000 0.000 0.000 1.000 |

line (0.40 0.84) (0.35 0.45)
| -0.493 -0.870 0.000 1.323 |
| 0.870 -0.493 0.000 0.910 |
| 0.000 0.000 1.000 0.000 |
| 0.000 0.000 0.000 1.000 |

line (0.40 0.84) (0.76 1.00)
line (-243.05 350.96) (-126.56 300.87)
line (0.38 0.69) (0.06 0.90)
| 0.504 -0.864 0.000 0.787 |
| 0.864 0.504 0.000 0.011 |
| 0.000 0.000 1.000 0.000 |
| 0.000 0.000 0.000 1.000 |

line (0.38 0.69) (0.04 0.52)
line (-247.13 398.80) (-357.25 454.90)
line (0.27 0.39) (0.29 0.74)
| -0.307 -0.952 0.000 0.724 |
| 0.952 -0.307 0.000 0.253 |
| 0.000 0.000 1.000 0.000 |
| 0.000 0.000 0.000 1.000 |

line (0.27 0.39) (-0.07 0.30)
line (-283.53 494.97) (-393.00 522.40)
line (0.66 0.85) (0.00 0.46)
| -0.961 0.275 0.000 1.067 |
| -0.275 -0.961 0.000 1.843 |
| 0.000 0.000 1.000 0.000 |
| 0.000 0.000 0.000 1.000 |

line (0.66 0.85) (1.19 1.40)
line (-157.81 349.05) (11.38 172.71)
line (0.60 0.61) (0.21 0.89)
| -0.350 -0.937 0.000 1.381 |
| 0.937 -0.350 0.000 0.259 |
| 0.000 0.000 1.000 0.000 |
| 0.000 0.000 0.000 1.000 |

line (0.60 0.61) (0.48 0.15)
line (-177.65 425.13) (-217.21 572.61)
line (0.75 0.60) (0.53 0.46)
| -0.550 0.835 0.000 0.663 |
| -0.835 -0.550 0.000 1.565 |
| 0.000 0.000 1.000 0.000 |
| 0.000 0.000 0.000 1.000 |

line (0.75 0.60) (0.75 0.87)
line (-128.78 426.76) (-128.32 342.06)
line (0.01 0.52) (0.27 0.02)
| -0.827 0.562 0.000 -0.277 |
| -0.562 -0.827 0.000 0.948 |
| 0.000 0.000 1.000 0.000 |
| 0.000 0.000 0.000 1.000 |

line (0.01 0.52) (-0.49 0.77)
line (-367.54 454.61) (-526.33 372.07)
line (0.30 0.89) (0.50 0.71)
| -0.305 -0.952 0.000 1.244 |
| 0.952 -0.305 0.000 0.875 |
| 0.000 0.000 1.000 0.000 |
| 0.000 0.000 0.000 1.000 |

line (0.30 0.89) (0.42 1.13)
line (-273.01 334.64) (-236.81 257.38)
line (0.77 0.38) (0.23 0.35)
| -0.370 -0.929 0.000 1.411 |
| 0.929 -0.370 0.000 -0.204 |
| 0.000 0.000 1.000 0.000 |
| 0.000 0.000 0.000 1.000 |

line (0.77 0.38) (1.00 -0.12)
line (-122.02 499.42) (-50.78 659.13)
line (0.39 0.82) (0.84 0.18)
| 0.951 0.310 0.000 -0.235 |
| -0.310 0.951 0.000 0.162 |
| 0.000 0.000 1.000 0.000 |
| 0.000 0.000 0.000 1.000 |

line (0.39 0.82) (0.62 0.07)
line (-244.92 357.91) (-170.40 597.12)
line (0.88 0.76) (0.40 0.69)
| 0.111 0.994 0.000 0.028 |
| -0.994 0.111 0.000 1.554 |
| 0.000 0.000 1.000 0.000 |
| 0.000 0.000 0.000 1.000 |

line (0.88 0.76) (0.76 1.23)
line (-87.49 376.28) (-127.85 225.04)
line (0.87 0.53) (0.00 0.86)
| 0.981 -0.193 0.000 0.119 |
| 0.193 0.981 0.000 -0.159 |
| 0.000 0.000 1.000 0.000 |
| 0.000 0.000 0.000 1.000 |

line (0.87 0.53) (-0.05 0.69)
line (-90.52 450.70) (-384.71 400.41)
line (0.94 0.81) (0.49 0.22)
| -0.874 0.486 0.000 1.360 |
| -0.486 -0.874 0.000 1.971 |
| 0.000 0.000 1.000 0.000 |
| 0.000 0.000 0.000 1.000 |

line (0.94 0.81) (1.04 1.54)
line (-70.54 360.90) (-38.05 127.15)
line (0.00 0.04) (0.24 0.42)
| -0.279 0.960 0.000 -0.041 |
| -0.960 -0.279 0.000 0.059 |
| 0.000 0.000 1.000 0.000 |
| 0.000 0.000 0.000 1.000 |

line (0.00 0.04) (0.29 -0.29)
line (-369.34 605.59) (-276.84 712.26)
line (0.48 0.22) (0.22 0.92)
| -0.603 -0.797 0.000 0.943 |
| 0.797 -0.603 0.000 -0.033 |
| 0.000 0.000 1.000 0.000 |
| 0.000 0.000 0.000 1.000 |

line (0.48 0.22) (0.08 -0.41)
line (-216.49 550.11) (-344.40 751.25)
line (0.78 0.03) (0.44 0.18)
| 0.943 0.334 0.000 0.035 |
| -0.334 0.943 0.000 0.263 |
| 0.000 0.000 1.000 0.000 |
| 0.000 0.000 0.000 1.000 |

line (0.78 0.03) (0.51 0.28)
line (-119.23 610.10) (-206.01 529.89)
line (0.93 0.46) (0.40 0.89)
| -0.272 0.962 0.000 0.745 |
| -0.962 -0.272 0.000 1.474 |
| 0.000 0.000 1.000 0.000 |
| 0.000 0.000 0.000 1.000 |

line (0.93 0.46) (1.50 0.85)
line (-72.26 474.29) (108.98 348.76)
line (0.58 0.27) (0.94 0.66)
| 0.945 -0.327 0.000 0.121 |
| 0.327 0.945 0.000 -0.174 |
| 0.000 0.000 1.000 0.000 |
| 0.000 0.000 0.000 1.000 |

line (0.58 0.27) (0.79 0.76)
line (-185.21 532.52) (-117.57 377.46)
line (0.64 0.03) (0.84 0.08)
| -0.022 1.000 0.000 0.633 |
| -1.000 -0.022 0.000 0.671 |
| 0.000 0.000 1.000 0.000 |
| 0.000 0.000 0.000 1.000 |

line (0.64 0.03) (0.69 -0.17)
line (-163.65 611.70) (-148.62 675.02)
line (0.21 0.65) (0.25 0.23)
| -0.095 -0.996 0.000 0.877 |
| 0.996 -0.095 0.000 0.499 |
| 0.000 0.000 1.000 0.000 |
| 0.000 0.000 0.000 1.000 |

line (0.21 0.65) (0.63 0.73)
line (-302.26 412.39) (-169.71 386.98)
line (0.32 0.87) (0.30 0.68)
| 0.569 0.822 0.000 -0.572 |
| -0.822 0.569 0.000 0.640 |
| 0.000 0.000 1.000 0.000 |
| 0.000 0.000 0.000 1.000 |

line (0.32 0.87) (0.16 0.78)
line (-266.23 343.09) (-319.90 369.58)
line (0.25 0.61) (0.84 0.83)
| -0.746 -0.666 0.000 0.850 |
| 0.666 -0.746 0.000 0.898 |
| 0.000 0.000 1.000 0.000 |
| 0.000 0.000 0.000 1.000 |

line (0.25 0.61) (-0.33 0.84)
line (-288.77 424.30) (-476.21 351.53)
line (0.86 0.34) (0.69 0.35)
| 0.837 0.547 0.000 -0.048 |
| -0.547 0.837 0.000 0.525 |
| 0.000 0.000 1.000 0.000 |
| 0.000 0.000 0.000 1.000 |

line (0.86 0.34) (0.72 0.44)
line (-95.49 510.13) (-139.56 480.57)
line (0.61 0.04) (0.38 0.53)
| -0.251 -0.968 0.000 0.806 |
| 0.968 -0.251 0.000 -0.547 |
| 0.000 0.000 1.000 0.000 |
| 0.000 0.000 0.000 1.000 |

line (0.61 0.04) (0.20 -0.31)
line (-173.19 607.72) (-305.08 720.65)
line (0.03 0.47) (0.28 0.29)
| 0.333 -0.943 0.000 0.463 |
| 0.943 0.333 0.000 0.289 |
| 0.000 0.000 1.000 0.000 |
| 0.000 0.000 0.000 1.000 |

line (0.03 0.47) (0.28 0.66)
line (-361.24 468.93) (-279.71 410.24)
line (0.73 0.12) (0.22 0.95)
| 0.009 1.000 0.000 0.608 |
| -1.000 0.009 0.000 0.851 |
| 0.000 0.000 1.000 0.000 |
| 0.000 0.000 0.000 1.000 |

line (0.73 0.12) (1.56 0.64)
line (-135.37 581.81) (128.23 416.62)
line (0.34 0.39) (0.53 0.27)
| -0.858 -0.513 0.000 0.828 |
| 0.513 -0.858 0.000 0.548 |
| 0.000 0.000 1.000 0.000 |
